0.041075252
0.013707795
0.01220364
0.010568364
0.012151602
0.008386259
0.01168218
0.014824628
0.014474313
0.019056594
0.013220593
0.011873289
0.011888772
0.014620198
0.010955118
0.011976042
0.012720533
0.012042102
0.011984218
0.01361464
0.010687742
0.012230144
0.01014829
0.015075975
0.014258376
0.010109187
0.010806703
0.010370164
0.010840544
0.010192843
0.01098618
0.008761489
0.009856786
0.009746309
0.01058632
0.01011564
0.009607282
0.009607282
0.010473768
0.010239124
0.009366123
0.01077332
0.016386858
0.010940387
0.010562933
0.011690224
0.011122879
0.009367219
0.010717069
0.012605076
0.010208954
0.014750893
0.009108428
0.016770707
0.009519343
0.026994371
0.011918607
0.011002714
0.041046324
0.008795926
0.010719723
0.00917937
0.019556507
0.011753701
0.009528084
0.009570312
0.009641148
0.009452698
0.012913099
0.018854283
0.008107093
0.010162985
0.014662844
0.012260002
0.008967517
0.009752838
0.010476903
0.008039404
0.010764665
0.009577437
0.009060496
0.00851168
0.01034321
0.01034321
0.009507119
0.008436036
0.009215807
0.013970756
0.011929602
0.013207487
0.014646635
0.013046544
0.011199052
0.010732756
0.008214333
0.011644081
0.009639314
0.011585837
0.018427636
0.01128128
0.026892531
0.011102471
0.011064476
0.011095413
0.01113741
0.011805871
0.012650207
0.011937743
0.011122469
0.009998756
0.011338029
0.039807176
0.013016707
0.012670931
0.011448435
0.010366411
0.009882661
0.012182877
0.011130795
0.013083929
0.01208445
0.013272617
0.017103329
0.015462499
0.010517948
0.011461254
0.016828622
0.012672015
0.011063175
0.012936034
0.010364304
0.0109944
0.013698069
0.011741467
0.009619427
0.010567219
0.013359676
0.014770036
0.010101401
0.011698379
0.010647204
0.011739957
0.011224622
0.011367364
0.012564466
0.012290706
0.011298063
0.012349834
0.012819956
0.013259646
0.012655409
0.013200402
0.014623296
0.012254246
0.01266639
0.010051526
0.011197786
0.011693014
0.014747827
0.012791796
0.015037134
0.011962035
0.012474764
0.010172625
0.010996094
0.012409848
0.009373018
0.009238532
0.011713552
0.015324232
0.01196381
0.009639314
0.011585837
0.010564501
0.011394115
0.012362288
0.012234768
0.017248938
0.011393944
0.011739207
0.01388013
0.011920999
0.013545045
0.011845598
0.015470081
0.012027773
0.011354929
0.010919532
0.011739243
0.01426107
0.010747768
0.01082585
0.011491262
0.011981555
0.022512017
0.012196587
0.013107904
0.008379748
0.008321567
0.014496669
0.015742762
0.015702186
0.017613097