-0.041536239
-0.003779448
-0.009450531
-0.005273416
-0.005095575
-0.005790924
0.008593961
0.014224197
0.014804346
0.012535404
0.005392328
-0.005469752
-0.009021775
0.007801122
-0.007105396
-0.006362591
0.0054227
0.006671324
-0.002566614
-0.008417243
0.004175919
0.006681031
-0.006528096
-0.003993519
-0.009035914
0.006791667
0.002728305
0.002708288
-0.00549283
-0.004226595
0.005168691
0.006184007
0.006997789
-0.00449866
0.00532096
0.005693898
-0.006597635
-0.006597635
0.001535535
0.008113142
-0.005813939
0.005322676
0.007798421
0.006319294
-0.006343458
-0.004904005
-0.004364872
-0.006013593
0.003297351
0.005087705
0.00239038
0.01974824
0.006639723
-0.010380492
-0.004442884
0.026262848
0.009716873
0.006664135
0.027675996
0.006527882
0.006756245
0.005213509
0.031616452
0.00552919
-0.004533399
0.00522035
-0.002756525
0.006709393
-0.002126864
0.010587942
-0.004599879
0.006203294
0.009603455
0.011548533
0.002744076
-0.00586152
-0.007865284
-0.004169625
0.004572947
-0.004933045
-0.004010005
0.0037977
0.006340282
0.006340282
-0.00314801
0.003418366
0.00351008
0.008903168
0.001627326
-0.007675893
0.008536032
-0.008153573
-0.003922069
-0.003719146
-0.002051595
-0.005093816
-0.00631565
0.002700351
-0.017669848
0.00871946
-0.0269127
0.00610032
0.005601285
-0.003044874
-0.004865105
0.00377898
0.004214341
0.004596421
-0.006017232
-0.003273261
0.008674881
0.063342428
0.006358185
-0.002478157
-0.008335718
-0.004377298
-0.004240447
-0.005291995
0.006353921
0.007410176
-0.002643816
0.008613441
0.009502367
0.008919387
0.003556687
-0.008148253
-0.010002885
-0.004549797
-0.006697895
0.009565381
0.004555948
-0.006455102
-0.005356883
0.00898508
-0.008547965
0.004827603
-0.007305282
0.009501765
-0.005554648
-0.005509209
-0.00512189
0.006514341
0.008906483
-0.007098535
-0.006214376
-0.0075266
-0.006415046
0.006906648
-0.007125072
-0.008445025
0.004814908
0.008550269
-0.011445269
0.006954886
-0.004061012
-0.005885822
0.006694533
-0.006181109
-0.006264586
-0.001787413
0.01127283
-0.007812269
0.008471302
-0.00612959
0.005955955
0.003692381
-0.004089191
0.00282022
0.005920271
0.009742845
-0.005226712
-0.00631565
0.002700351
-0.007291281
0.004048476
-0.007334199
-0.005544376
-0.00631332
0.009006394
0.006812549
0.008323643
-0.007496755
-0.004316342
-0.006965055
0.006763778
0.005224996
0.007631278
-0.006787761
0.007523321
-0.0081993
0.006418514
0.006632177
0.004722098
-0.007194137
0.031094132
0.002369374
-0.007853612
0.003650335
0.003469958
0.009992321
0.008985447
0.009087094
-0.016100947