[[ 1.55664272e+00  8.74474840e-01 -4.74179646e-01  1.73309505e+00
   1.25017811e+00  3.55611295e-01  1.50867688e+00 -6.88355415e-01
  -5.46262372e-01]
 [ 9.78848126e-01  1.00257272e+00  5.31685089e-01 -3.24552137e-01
  -9.76911592e-02 -2.83779680e-02 -9.15616891e-01 -4.68566951e-01
  -1.15949625e+00]
 [ 7.66162073e-01  1.36233209e+00  9.11604273e-02 -5.52243649e-01
  -4.70189376e-01 -4.45840548e-01  4.28875706e-01 -6.29800709e-01
  -7.07810314e-01]
 [ 7.87318380e-01  1.32746425e+00  1.11012165e-01 -6.91789101e-01
  -2.88266768e-01 -4.16625253e-02 -4.30161267e-02 -4.04657098e-01
  -6.88579750e-01]
 [ 7.50556591e-01  8.52848986e-01  1.06967966e+00 -6.67747445e-01
  -7.64124346e-01 -1.00290075e+00 -7.19662578e-01  3.54526287e-01
  -7.63770249e-01]
 [ 7.47708070e-01  9.28214542e-01  6.21954642e-01 -7.35164592e-01
  -7.45358821e-01 -1.61499250e-01  3.87076236e-01 -1.63522202e-01
   7.91717262e-01]
 [ 1.19852975e+00  2.21954009e-01  4.23251034e-01 -3.64901975e-01
  -3.85567945e-01  6.40722791e-01 -5.59289712e-01  7.13067223e-01
   1.40053421e+00]
 [ 1.20365944e+00  2.11872220e-01  4.09081704e-01 -2.64622042e-01
  -4.85164018e-01  5.51292380e-01  3.96388896e-01  6.75792417e-01
   1.46326773e+00]
 [ 1.89897474e+00  9.96471654e-01  7.05311643e-01  3.73391803e-01
   1.29766713e-01  1.72108320e+00 -9.96881657e-01  8.06812706e-01
   1.21791916e+00]
 [ 2.45500471e+00  1.52486724e+00  6.93354325e-01 -4.03678290e-01
  -7.05045536e-02  2.31235591e-01  2.60879878e-01  3.78539140e-01
   4.45513580e-01]
 [ 3.71597335e-01  1.17805426e-01  3.76352855e-01 -1.40777762e-03
   1.59059328e-01 -1.12711855e-01 -9.88688345e-01  5.99531850e-01
  -7.29040807e-01]
 [ 1.25678708e+00  4.05221364e-01  2.97651256e-01  1.07573413e-01
  -5.15394827e-01 -1.08759266e-01 -5.18990327e-01 -4.85929859e-01
  -1.11313337e+00]
 [ 1.10124702e+00 -1.83188648e-02 -1.10285633e-01  1.93891148e-02
  -1.86551545e-01  5.88534735e-01  8.57499755e-01  8.03301959e-01
   7.05984831e-01]
 [ 1.29092846e+00  8.24236560e-01  1.12788058e+00 -4.88982300e-01
  -8.99078775e-01 -3.47107782e-01 -1.23087851e+00 -2.09207855e-01
  -9.05908666e-01]
 [ 2.33297431e+00  2.85664473e+00  4.95581783e-01 -2.56100138e-01
  -5.55003307e-01 -8.64804829e-02  5.48124341e-01 -3.37080176e-01
  -8.25586585e-01]
 [ 4.33071682e-01  1.18617316e+00  8.19455620e-02 -5.83663408e-01
  -4.38439586e-01  1.03577424e-01 -7.03713844e-01 -4.71392934e-01
   4.48797810e-01]
 [ 1.60262426e-01  1.14168660e+00  7.15011784e-01 -7.02710284e-01
  -6.85005936e-01 -6.96163095e-02  3.33742389e-01 -3.47531016e-01
   5.83815854e-01]
 [ 3.55904108e-01  7.48919778e-01  6.27490336e-01 -8.28556535e-01
  -7.56984084e-01 -8.43932670e-02  6.52068889e-01  5.21531350e-01
  -4.15114425e-01]
 [ 1.88955178e+00  1.98680919e+00 -5.03122112e-01 -5.28084549e-01
  -5.04883834e-01  3.31830156e-01 -9.10820790e-01 -4.02009359e-01
  -1.04776323e+00]
 [ 1.96566066e+00  1.92185851e+00 -3.54437200e-01 -7.47366140e-01
  -3.42135733e-01 -4.15365051e-01 -8.02643430e-01 -6.33696540e-01
   3.13979056e-01]
 [ 5.73696463e-01  2.13513255e-01  5.16330753e-01  3.21185489e+00
   2.51304259e+00 -2.16118758e-02  1.52469067e+00 -9.53024287e-01
   5.84865506e-01]
 [ 1.38423377e+00  1.37343749e+00  7.71294118e-01 -6.06054156e-01
  -4.91058282e-01 -5.53079433e-01  4.53077257e-01 -6.36426253e-01
  -8.43483215e-01]
 [ 1.52324418e+00  1.39048958e+00 -8.63258592e-02  5.16000539e-01
   4.62842709e-01  7.04888086e-01 -7.96018450e-01 -5.70089607e-01
  -5.69410612e-01]
 [ 2.81327707e-01  1.25758741e-01  2.89801973e-01  1.06591536e+00
   4.35460975e-01  4.96166752e-01 -1.52664911e+00 -1.19615266e+00
  -1.11466227e+00]
 [ 1.23969593e+00  1.33611622e+00 -3.79542480e-01  1.46882621e+00
   1.17032977e+00 -5.63061870e-01  3.09978391e-01 -6.44128697e-01
   5.96828960e-01]
 [ 1.13060966e+00  1.13618671e+00 -3.20399193e-01  1.27328401e+00
   1.17286185e+00 -3.84996009e-01  6.26267068e-01  1.00151580e+00
   1.57443533e-01]
 [ 9.75572624e-01  1.66137335e+00  1.17360440e-01  3.33771521e-01
  -2.26222769e-01 -4.96438174e-01 -1.40296578e+00 -6.18467036e-01
   1.55279025e-01]
 [ 9.73303158e-01  1.54239863e+00 -1.07204603e-01  7.27070798e-02
  -2.54374834e-01 -3.76356886e-01 -1.08127804e+00 -5.32071512e-01
  -7.31536311e-01]
 [ 1.44435697e+00  5.95848996e-01 -9.43426697e-01 -6.68582611e-01
  -4.84149941e-01 -5.41705690e-01 -4.97771967e-01  4.90978168e-01
  -5.94613928e-01]
 [ 5.40496797e-01  6.88331623e-01  1.54140901e-01 -6.12961265e-01
  -8.36604113e-01 -3.39178097e-01 -5.36971504e-01  5.19424063e-01
   4.21330936e-01]
 [ 1.55542610e+00  1.91303594e+00  1.27884521e+00 -4.36724679e-01
  -6.38744688e-01 -9.07109899e-01 -8.61890541e-01 -5.69783828e-01
   5.31120577e-01]
 [ 2.59042532e-01  9.76714304e-01  5.73499015e-01 -7.46540382e-01
  -7.48401382e-01 -6.27496236e-01 -5.61806438e-01 -5.08042074e-01
   6.19117647e-01]
 [ 1.51017723e+00  1.90157310e+00  1.08151282e+00 -4.86517166e-01
  -4.36030043e-01 -6.55699435e-01 -9.45778437e-01  6.09357023e-01
  -6.24033261e-01]
 [ 7.03003173e-01  7.66800510e-01  1.45208173e-01 -5.48088459e-01
  -6.79399110e-01 -4.41256638e-01 -8.12797239e-01  4.28141022e-01
   4.37796311e-01]
 [ 6.50331753e-01  8.91721918e-01  5.03052988e-01 -8.58477427e-01
  -7.96812330e-01 -5.61414511e-01 -8.02687807e-01 -4.30693358e-01
   4.78123390e-01]
 [ 1.02163452e+00  3.57826444e-01  7.50240449e-01 -1.97169692e-01
  -2.38671251e-01 -6.91191040e-01 -8.86224215e-01 -6.44961394e-01
  -8.51002708e-01]
 [ 1.02163452e+00  3.57826444e-01  7.50240449e-01 -1.97169692e-01
  -2.38671251e-01 -6.91191040e-01 -8.86224215e-01 -6.44961394e-01
  -8.51002708e-01]
 [ 1.04293120e+00  9.09456415e-01  1.68485156e-01 -4.15792133e-01
  -2.66998407e-01 -4.69989554e-01  3.23233898e-01 -5.57704006e-01
   2.84651753e-02]
 [ 7.98969843e-01  1.23459666e-01  2.74114696e-01 -2.78467214e-01
  -3.54076684e-01 -5.29890812e-01 -9.05929547e-01 -4.54281475e-01
   7.39724636e-01]
 [ 1.04057985e+00  4.22135354e-01  3.45548228e-01 -4.04294346e-01
  -3.70772991e-01 -7.52755484e-01 -5.72234916e-01 -3.94627563e-01
  -7.66258941e-01]
 [ 9.10050670e-01  9.76998640e-01  1.07823936e-01 -3.32614578e-01
  -6.34528070e-01 -3.93518212e-01  4.18413778e-01 -3.02196133e-01
   4.37981868e-01]
 [ 1.53450377e+00  1.98195109e+00  7.44309752e-01 -4.48424582e-01
  -6.56928769e-01  1.03953777e+00  4.91946822e-01  4.57173312e-01
   7.05692762e-01]
 [ 1.60366387e+00  1.98736975e+00  5.69311979e-01 -4.89651652e-02
  -4.50704109e-01 -3.50868396e-01  9.48147948e-01  5.64224594e-01
   5.45749629e-01]
 [ 8.92620262e-01 -2.33358844e-01  4.79792945e-01  2.35123984e-01
   3.74892768e-02 -4.47227004e-01  3.08075045e-01 -6.45003524e-01
  -8.23517667e-01]
 [ 9.10261232e-01  6.91573054e-01  3.21159588e-01 -3.45705614e-01
  -6.05731161e-01 -1.59445731e-01  5.32910353e-01 -4.57662208e-01
  -6.67864621e-01]
 [ 3.34905733e-01  9.86048683e-01 -1.35847991e-01 -3.36311405e-02
  -1.73402374e-01 -3.04280797e-01  5.96061146e-01  6.08989668e-01
  -6.09566300e-01]
 [ 1.69526124e+00  1.00436810e+00  1.32169180e+00 -2.68661911e-01
  -2.27445115e-01 -7.52475691e-01 -9.82143883e-01 -3.32981128e-01
  -7.87848221e-01]
 [ 1.05080413e+00  8.20995129e-01  1.31185556e-01 -2.11315912e-01
  -2.32074327e-01 -4.07878288e-01 -3.69838173e-01 -6.65800353e-01
   2.18976450e-01]
 [ 1.12689546e+00  8.01002174e-01  3.13248245e-01 -2.55333558e-01
  -1.96603625e-01  7.41029026e-02 -9.60200863e-01 -7.41662302e-01
   4.12573639e-01]
 [ 1.06208709e+00  5.61614830e-01 -2.05018724e-01 -4.61278906e-01
  -3.89024415e-01 -5.37592782e-01 -9.57553527e-01 -6.23143901e-01
   1.20902530e-01]
 [-6.72226675e-01  2.13050202e-01  2.49671390e+00  4.81344818e-01
   8.01056763e-01  6.21899300e-01  2.45663200e+00  3.07355706e+00
   1.99786814e+00]
 [ 4.82274566e-01  7.00736832e-01  2.57429255e+00 -3.20837593e-01
  -3.62789800e-01 -8.18541333e-01 -1.09171929e+00 -2.13932951e-01
   5.80398728e-01]
 [-6.67424538e-01 -8.78275719e-01  3.53290298e-01  2.85907016e-01
   5.03263568e-01  1.13752893e+00  1.36309877e+00  1.53967388e+00
  -1.26005616e+00]
 [ 1.18259819e-01 -5.54813980e-01  6.20205345e-01 -2.95862446e-01
  -1.73309408e-01 -7.13640609e-01 -7.42555001e-01 -5.65698505e-01
  -6.18002008e-01]
 [-1.04102600e+00 -8.10392290e-01  1.09923155e+00  2.82774801e+00
   3.17734972e+00  3.74748416e+00  2.66821315e+00  3.03300046e+00
   2.70231530e+00]
 [-1.26586070e+00 -1.02648027e+00  1.18926409e+00  1.02836236e+00
   8.71105634e-01 -1.01142817e-01  1.22641174e+00  1.43532543e+00
   9.13141631e-01]
 [-6.00089358e-01 -8.74465595e-01  1.41770582e+00 -1.10228126e-01
  -6.16524335e-01 -3.34957204e-01 -5.98156420e-01 -2.25946622e-01
   5.83038483e-01]
 [ 3.14117935e-01  3.07466315e-01  1.68037740e+00  8.08759040e+00
   8.24417615e+00  7.33474683e+00  4.02361548e+00  4.05434090e+00
   2.85512390e+00]
 [ 2.40728903e-01  8.83183680e-01  1.03140948e+00 -6.48920414e-01
  -7.89213155e-01 -8.98318625e-01  3.51701374e-02 -3.66333605e-01
   5.68304973e-01]
 [ 2.46876327e-01  1.05548376e+00  1.25036548e+00 -9.50921919e-01
  -7.55864559e-01 -4.07200759e-01 -4.07191517e-01 -4.38198495e-01
   5.92998656e-01]
 [ 1.81687782e-01  8.87692461e-01  1.03309670e+00 -8.03346801e-01
  -8.14945165e-01 -8.00430855e-01  3.72321317e-01 -4.48443828e-01
   4.26177262e-01]
 [-1.12841201e+00 -4.36034230e-01  1.68780911e+00  1.22137569e+00
   1.75308596e+00  1.84870384e+00  3.70372788e+00  4.27824614e+00
   3.28121907e+00]
 [-9.15240472e-01 -2.30713447e-02  1.29838659e+00 -3.84664622e-01
  -1.42356558e-01 -1.43240961e-01 -5.42104636e-01  4.89436878e-01
   4.60312943e-01]
 [-8.26807471e-01 -4.91561181e-01  1.48465889e+00 -3.83171824e-01
  -3.68349652e-01 -7.11409157e-01  4.27493289e-01  3.14245918e-01
  -6.27789709e-01]
 [-8.28117672e-01 -3.10571618e-02  2.00949983e+00 -2.16030408e-01
  -3.03150416e-01 -7.00628952e-01 -7.64036934e-01 -5.61216469e-01
   4.26917003e-01]
 [-1.16613889e+00 -9.87777935e-01  1.15271499e+00 -4.05334054e-01
  -2.60766117e-01 -6.82545534e-01  5.17868494e-01 -6.34395982e-01
  -4.35650160e-01]
 [-1.39412627e+00 -1.02872247e+00  1.12333804e+00 -5.97116490e-01
  -4.87463185e-01 -7.30654125e-01 -8.66617723e-01 -4.77675905e-01
   5.87932387e-01]
 [ 1.51634960e-01  2.54790860e-01  9.60275008e-01  6.18250941e-01
   5.28640142e-01  1.52736770e-01  1.29963751e+00  1.29784087e+00
  -3.67562732e-01]
 [-1.06053870e+00 -9.62374459e-01  5.45978571e-01  3.81529222e+00
   4.46266549e+00  1.66943609e+00  1.02766183e+00  2.14974260e+00
   1.00733334e+00]
 [ 3.11766581e-01  8.54140702e-01  1.24184469e+00  1.39945528e+00
   1.20192188e+00 -1.07416784e+00  1.28969751e+00  1.24077618e+00
  -6.34978422e-01]
 [ 6.23128963e-02  3.76332737e-01  8.83717722e-01  1.31489126e-01
  -5.99623527e-02 -5.49328010e-01  8.95449501e-01  8.65705981e-01
   5.33206147e-01]
 [ 2.03341257e-01  4.95819238e-01  1.19066353e+00  2.16448388e-01
   3.18851592e-01  5.99421649e-01 -1.19720074e+00 -7.61162426e-01
   9.00877350e-01]
 [-7.21716166e-01  3.61173495e-01  2.63978975e+00  1.86793644e-01
   3.02546856e-01 -1.39895553e-02  1.43434168e+00  1.86365104e+00
   1.11120538e+00]
 [-1.39129712e-02  7.00395629e-01  7.95801258e-01 -9.08835290e-01
  -9.03245132e-01 -8.54513896e-01  2.93797181e-01 -2.59898267e-01
   1.59148906e-01]
 [ 1.79764935e-02  6.83408521e-01  6.67035811e-01 -7.90934945e-01
  -7.46151490e-01 -6.54032674e-01  5.72975077e-01 -3.22310486e-01
  -7.71404040e-01]
 [ 6.84778785e-02  7.67417913e-01  7.35055387e-01 -7.00849067e-01
  -7.52927117e-01 -4.69189233e-01  1.37156036e-01  1.27567633e-01
  -9.88077991e-01]
 [-3.48821027e-02  8.36633654e-01  1.72638965e+00 -1.01313597e+00
  -7.87551605e-01 -1.09144787e+00 -2.08953794e-01 -1.73521807e-01
  -5.88453565e-01]
 [ 4.51749367e-02  8.01554595e-01  1.13743966e+00 -8.41202675e-01
  -7.74127808e-01 -3.95727709e-01 -6.13456305e-01 -4.24119477e-01
   3.56911071e-01]
 [ 9.20557113e-02  9.42894439e-01  1.58755726e+00 -7.70698269e-01
  -7.96766997e-01 -6.98810042e-01  5.63870352e-01  3.01657100e-01
  -6.71004817e-01]
 [-2.19730675e-02  3.83181189e-01  9.99899484e-01  2.30039855e-01
   2.95006810e-01 -8.30777687e-01  6.67813218e-01  9.57370675e-01
  -5.71193300e-01]
 [-3.17528175e-02  2.03171516e-01  9.98426688e-01 -1.14255134e-02
   1.76591010e-01 -9.70882564e-01  4.01555479e-01  9.12155892e-01
   2.73080923e-01]
 [-3.16592296e-02 -5.28159425e-01  1.14193141e+00 -3.51773496e-02
   5.79256306e-01 -5.03319145e-01 -6.13003120e-01 -4.28464445e-01
   5.48019134e-01]
 [-3.16592296e-02 -5.28159425e-01  1.14193141e+00 -3.51773496e-02
   5.79256306e-01 -5.03319145e-01 -6.13003120e-01 -4.28464445e-01
   5.48019134e-01]
 [-4.22761290e-01  5.27681231e-01  2.12922535e+00 -4.25841431e-01
  -4.59039122e-01 -7.16761221e-01  5.89922967e-02 -3.09245078e-01
  -4.77982791e-01]
 [-1.04902029e-01  9.06065645e-02  6.33584671e-01  1.45884804e-01
  -8.14946536e-03 -9.90193396e-01  7.75762473e-01  6.80539627e-01
   2.32062222e-01]
 [ 1.49700398e-02  2.50265849e-01  7.41725300e-01 -4.76113106e-01
  -4.19917479e-01 -7.91129010e-01 -1.09945068e+00 -6.12658557e-01
   2.41979575e-01]
 [ 3.63940818e-01 -1.20737046e-01  7.91997936e-01 -4.83552511e-01
  -4.32771329e-01  4.22741479e-01  5.02942117e-01  6.43780681e-01
   8.25152887e-01]
 [-2.90910208e-01 -7.45043541e-01  5.18384763e-01 -6.01330251e-01
  -7.61544641e-01 -9.83359509e-02  4.08213574e-01 -5.16008358e-01
   3.83908545e-02]
 [ 1.27945981e-01  3.26809344e-01  1.92077080e+00 -3.76828877e-01
  -7.96460507e-01  2.27889817e-01 -8.02419863e-01 -4.41057267e-01
  -9.67598486e-01]
 [-8.41254827e-01 -7.95000566e-02  1.96643882e+00 -2.42463150e-01
  -1.37173167e-01  5.95283723e-01  4.44786114e-01  7.89839839e-01
   7.85453198e-01]
 [-7.19984812e-01  2.85872942e-01  2.67618648e+00  1.49635461e-01
   4.82131379e-02  1.86803370e-01  6.81623609e-01 -7.15980814e-01
  -1.01925168e+00]
 [ 4.59521452e-01  5.75839790e-01  1.45441855e+00 -3.04593748e-01
  -1.62198247e-01 -2.84834920e-01  3.06934349e-01 -6.11045779e-01
  -5.61684476e-01]
 [ 3.51575753e-01  2.23343188e-01  1.18749222e+00 -1.44424992e-01
   6.85065133e-02 -4.03873621e-01 -7.04029863e-01 -7.07290114e-01
  -5.39741708e-01]
 [ 1.09204634e+00  1.69220360e+00  2.31914296e+00 -7.46846286e-01
  -5.34085454e-01 -1.04679100e+00 -8.98969217e-01 -3.94234663e-01
  -3.59423634e-01]
 [-4.32704815e-01 -8.36453807e-01 -8.77444208e-01  8.16168140e-01
   1.13115655e+00 -1.71225379e-01 -1.38252049e+00 -1.44179018e+00
  -6.88389543e-01]
 [ 2.29252900e-01  3.20935771e-01 -3.21716129e-03 -4.75767447e-01
  -1.61543548e-01 -6.83013728e-01 -6.77698038e-01 -6.50098263e-01
  -8.20510692e-01]
 [ 1.69176499e-01  1.75273998e-01 -2.50353819e-01 -4.78228939e-01
   1.28459286e-01 -1.86094240e-01 -6.99382191e-01 -4.56234347e-01
   1.54420770e-01]
 [ 2.13085906e-01 -7.66969981e-01 -2.03850642e-01  2.23108164e-01
   6.30171733e-01  1.56051921e+00 -1.34415672e+00 -1.54705444e+00
  -2.04827951e+00]
 [ 6.27438264e-01 -1.87759330e-01 -2.17393605e-01 -5.04024078e-01
  -3.68641688e-01 -2.63843287e-01 -7.66741591e-01  2.21305490e-01
   8.05287904e-01]
 [-2.04419123e-01 -7.68635381e-01 -4.65845073e-01  1.79608509e+00
   1.79962775e+00  3.72148587e+00 -2.01326460e+00 -1.96427362e+00
  -3.04774115e+00]
 [ 4.91498647e-01 -5.99982942e-01  3.56343102e-01 -7.58373395e-02
  -1.23223925e-02 -3.09490668e-01 -6.25415628e-01 -2.11758179e-01
   5.22071211e-01]
 [ 6.90755096e-01  3.84997816e-02 -4.92174874e-01 -1.58737214e-01
   2.61054606e-02 -3.19190248e-01 -7.91138133e-01  7.87825772e-01
   4.68108825e-01]
 [-8.15523006e-02 -6.89305372e-01 -6.63386250e-01 -2.90662996e-01
  -2.19003339e-01 -3.11292474e-01  6.75090577e-01 -2.76730636e-01
  -4.66830338e-01]
 [ 3.66257071e-01  1.52965738e-01 -1.08493947e+00 -4.19737926e-01
  -3.75751728e-01 -3.00571241e-01  6.22086029e-01  3.22086192e-01
  -6.63658230e-01]
 [-3.41674798e-01 -6.30878171e-01 -1.16320656e+00 -2.82534700e-01
  -1.38147824e-01 -1.29922706e-01 -8.01299674e-01  6.57469849e-01
   2.71056665e-01]
 [-9.58241807e-02 -4.76369480e-01 -8.81597381e-01  4.17453453e-01
   1.74161757e-01  8.56242016e-02  6.79866171e-01 -5.32038914e-01
   3.18133760e-01]
 [-5.69843502e-01 -6.72927552e-01 -1.06094019e+00 -4.18442084e-01
  -1.09969479e-01 -9.62576700e-02 -7.79275969e-01 -4.58201326e-01
   3.59449396e-01]
 [ 8.87743514e-02 -3.35330201e-01 -4.71234055e-01 -3.92284595e-01
  -6.17318647e-01 -3.04385465e-01  8.38899146e-01  4.07918959e-01
  -7.88241718e-01]
 [ 2.10003422e-01 -8.54223823e-02 -3.19501976e-01 -3.73658162e-01
  -6.31155039e-01 -5.91253325e-01  7.80440739e-01 -4.42718848e-01
  -4.91526616e-01]
 [-1.02205582e-01 -3.38474170e-01 -2.84391827e-01 -3.74621394e-01
  -6.71332808e-01 -2.49356079e-01  4.81512629e-01  2.53370985e-01
   8.00467422e-01]
 [-5.33807015e-01 -8.29426617e-01 -6.88130391e-01  2.64390389e+00
   3.71849819e+00  7.01841007e+00  4.50111884e+00  5.66038617e+00
   6.71185890e+00]
 [-2.37729919e-01 -3.83488760e-01 -9.17074335e-01 -6.16987174e-01
  -6.75214685e-01  1.79186411e-01 -6.11554472e-01 -2.86460872e-01
   5.49955048e-01]
 [-4.07838641e-02 -1.84412280e-01 -8.01987277e-01 -6.64190406e-01
  -5.74316112e-01  9.09147425e-02 -5.86276438e-01  6.13985848e-01
  -4.05549263e-01]
 [-2.06296694e-01 -1.46522341e-01  1.61194528e-01 -5.77981735e-01
  -7.07470364e-01 -2.21171006e-01  6.95023175e-01  2.29016132e-01
  -1.03894765e+00]
 [ 9.16098664e-01  2.19695551e-01 -1.30312802e+00 -1.35923118e-01
  -4.30788005e-02 -4.97396261e-01  9.47543812e-01 -7.20154783e-01
  -6.10909967e-01]
 [ 3.85945245e-01 -6.09487923e-01 -2.23206868e+00 -4.30427860e-01
  -5.44948097e-02 -6.20890719e-01 -6.31789642e-01 -5.69729115e-01
  -5.96111793e-01]
 [ 3.05619142e-01 -1.38934595e-01 -7.60805354e-01  8.34688357e-01
   1.82403477e-01 -3.36784650e-02  6.26192938e-01 -6.28400490e-01
  -7.09819326e-01]
 [ 1.41450887e+00  9.79939484e-01 -1.61583526e+00 -3.37036828e-01
  -1.32959506e-01 -3.02259956e-01  6.07062157e-01 -6.37237789e-01
   5.49493967e-01]
 [ 1.31650669e+00  8.10044102e-01 -1.51224844e+00 -1.68565581e-01
  -3.01096464e-02  1.96347226e-01  7.23528643e-01 -4.72399681e-01
   6.63710484e-01]
 [-2.40034471e-01 -8.15762194e-01 -6.62731671e-01 -2.30561740e-01
   1.11459290e-02 -5.88054707e-02  7.95241381e-01 -8.41378685e-01
  -4.23462545e-01]
 [-3.85519876e-01  3.35523344e-02 -1.01148012e+00  4.48355179e-01
   6.41851199e-01  2.44516575e-01  6.48070905e-01  9.28310361e-01
   7.93823702e-01]
 [ 8.42061916e-02  6.05597696e-01 -2.50833473e-01  1.38012782e+00
   1.16877466e+00  1.22244257e+00 -1.58399136e+00 -1.32576587e+00
   8.89946354e-01]
 [ 1.84969142e-01  8.79649777e-01 -3.51237669e-01 -7.10498383e-01
  -6.63964239e-01  8.03562136e-01 -5.74039925e-01  4.98326220e-01
   8.26906704e-01]
 [ 4.62077524e-01  1.15707329e+00 -8.38282447e-01  1.14429982e+00
   1.18670612e+00 -4.58711032e-01  1.10958822e+00  1.55101289e+00
   2.47019352e-01]
 [-5.63684377e-01 -8.84912952e-01 -3.35533467e-01 -4.76642671e-01
  -6.24862634e-01 -2.17898498e-01  4.43333097e-01  1.21108705e-01
  -1.01867641e+00]
 [-4.09827404e-02 -2.52019487e-01  2.35223800e-01  3.84262749e+00
   2.95605023e+00  1.15231380e+00 -2.28747846e+00 -1.79488923e+00
  -1.21922420e+00]
 [-5.92076048e-01 -1.02903117e+00 -6.97717683e-01  1.40042404e-02
   4.96893308e-01  9.11914722e-02 -7.29736710e-01 -8.91111915e-01
  -6.29562882e-01]
 [ 7.56547548e-02 -1.48699546e-01  2.58856285e-01  2.84665193e-01
   5.34277365e-02 -3.19522375e-01 -7.44809330e-01  8.84343670e-01
  -8.61844170e-01]
 [-7.22400510e-01 -4.41233554e-01 -3.38958712e-01 -2.67565453e-01
  -2.91642427e-01  1.58591748e-01  1.09148299e+00  1.49536881e+00
   8.96760276e-01]
 [-5.09059341e-01 -8.67950210e-01 -6.95364595e-01 -4.19879042e-01
  -6.25843533e-01 -4.97934148e-01 -6.32340491e-01 -6.73991969e-01
   3.55072910e-01]
 [-4.37805244e-01 -7.79228954e-01 -7.63203593e-01 -4.31754960e-01
  -6.43570672e-01 -3.37079649e-01  2.24941898e-01  3.23017448e-01
  -8.35590120e-01]
 [-2.01903994e-01 -5.61548697e-01 -7.92834487e-01 -6.06803437e-01
  -7.28201957e-01  3.53128387e-01  2.99052519e-01  3.32993413e-01
  -7.16835890e-01]
 [-8.39277825e-01 -4.71779465e-01 -5.07388149e-01 -4.29132626e-01
  -6.05162857e-01 -1.46364126e-01  5.10721409e-01 -4.33338047e-01
   8.34010316e-01]
 [-2.80457814e-01  1.93999624e-01 -5.47255916e-02 -1.28464594e-01
   1.47182106e-01 -6.88090595e-01 -1.15976183e+00 -1.87319456e+00
  -1.06189866e+00]
 [-3.29847859e-01  6.94518995e-02 -4.48843596e-02 -1.23897283e-01
  -6.14167738e-03 -4.46132850e-01 -7.68938095e-01 -5.34602392e-01
   3.84447907e-01]
 [-9.85611349e-01 -1.22930501e-01 -1.00111475e-01 -9.47192202e-01
  -6.73891161e-01  2.66741493e-01 -8.20032238e-01  3.39159525e-01
  -9.27523033e-01]
 [ 1.33824357e-01  9.05020772e-01 -9.14377018e-01 -8.16551337e-01
  -5.83440510e-01  6.26786234e-01 -6.07317961e-01 -3.90616970e-01
   8.89881257e-01]
 [-1.03480697e-01 -1.41272361e+00 -1.28984463e+00 -1.88566456e-01
  -4.36819253e-02 -5.65049525e-01 -7.67236800e-01 -7.88169022e-01
  -7.38220906e-01]
 [-6.99144369e-01 -3.62545313e-01 -1.02224680e+00 -2.80924038e-02
   2.15558916e-01 -1.57363877e-01  6.55715048e-01  4.87177655e-01
  -7.33307429e-01]
 [ 4.26158011e-01 -5.74668814e-01 -8.97295946e-01 -4.49850614e-01
  -5.50305921e-02 -4.25713823e-01  2.82679512e-01 -9.70044432e-01
  -6.91425282e-01]
 [-3.78939613e-01 -7.23173968e-01 -5.35156882e-01 -2.49839129e-01
  -4.36605245e-01 -1.46749608e-01 -6.02437140e-01 -4.43274742e-01
   5.66840738e-01]
 [-1.54356419e-01 -2.94418186e-01 -2.53886277e-01 -4.80200925e-01
  -6.38156674e-01 -2.78307264e-01  7.49615385e-01 -2.71008324e-01
   8.25511350e-01]
 [-1.48975226e-01 -4.00882075e-01 -5.87940606e-01 -2.02604033e-01
  -4.49031061e-01 -2.41867273e-01  9.16256864e-02  6.87488108e-01
  -9.05166762e-01]
 [-5.30063574e-01 -8.29386001e-01 -1.14539191e+00  9.72178063e-01
   9.89505995e-01  6.37357503e-02 -4.52880381e-01 -1.22721007e+00
  -8.09559583e-01]
 [ 6.13009871e-02 -7.72903503e-02 -1.27003240e+00 -7.59173169e-01
  -5.77382653e-01 -6.15126315e-03  5.24524908e-01  6.96354764e-01
  -9.51454916e-01]
 [ 4.49098302e-01  4.75192628e-01 -1.32006238e+00 -8.02410766e-02
  -1.93135658e-01 -2.59558827e-01  5.41362027e-01 -4.99377301e-01
  -8.31258726e-01]
 [ 8.32017434e-01  7.90132380e-01 -1.59382228e+00  1.61743538e-01
  -3.14238255e-01  8.94326978e-03  5.73265882e-01 -4.83785970e-01
   6.09262254e-01]
 [ 1.00804699e+00  9.59467226e-01 -1.55367301e+00 -7.76870244e-02
  -5.96301259e-01  1.28958694e-01 -1.08345538e+00  3.64369379e-01
  -9.08036300e-01]
 [-2.67396704e-01 -3.28562983e-01  7.32724265e-02 -4.35013076e-01
  -5.64987387e-01  2.41205264e-01  6.74818431e-01  4.57004981e-01
  -1.05076740e+00]
 [-6.82784357e-01 -9.84950825e-01 -7.86181499e-01  2.11875008e-01
   8.40054234e-01  8.69521978e-02  7.19148914e-01 -1.20229456e+00
   3.83075153e-01]
 [ 1.34502858e-01 -2.94385684e-01 -1.34713773e-01 -3.37337876e-01
  -6.25129376e-01  2.26081118e-01  6.92891555e-01 -2.39786582e-01
   7.86992694e-01]
 [ 3.95071375e-02 -5.31238390e-01 -3.89028210e-01 -1.84743875e-01
  -6.23054902e-01  5.89325610e-01  9.99071978e-01 -6.26845475e-01
  -1.37519419e+00]
 [ 6.94258718e-01  9.75037687e-02 -3.36769261e-01 -2.88266751e-01
  -4.96879947e-01 -1.54589798e-02 -9.43022679e-01 -5.71323401e-01
   6.14478397e-01]
 [ 5.56394728e-01  1.39878102e-01 -1.87367709e-01 -1.83619801e-01
  -6.29620619e-01  8.97554901e-02  4.46931349e-01 -4.88805598e-01
  -5.76708864e-01]
 [-4.63488782e-01 -1.18359675e+00 -3.17019100e-01 -4.06716386e-01
  -2.24395655e-01 -5.77781899e-01 -8.93927024e-01 -7.56736819e-01
  -7.74031899e-01]
 [ 2.53175841e-01  1.26218048e+00 -3.64001931e-01 -6.58676554e-01
  -7.42615523e-01 -2.85158111e-01 -5.81434111e-01  5.24987766e-01
   5.86325524e-01]
 [-3.61193355e-01 -2.28923201e-01 -1.28860884e+00 -6.01821579e-01
  -4.11713208e-01 -1.58733484e-01 -7.45652329e-01 -5.27416189e-01
  -8.05962307e-01]
 [-4.33722551e-01 -6.31463094e-01 -1.04226217e+00 -6.47645209e-01
  -5.55917521e-01  6.21116594e-01 -3.26123423e-01  4.88041234e-01
  -8.14988964e-01]
 [ 3.06186512e-01  2.63320962e-01 -1.02462246e+00 -7.24810605e-01
  -5.18364133e-01  1.21769849e-01  6.96904331e-01  5.86704927e-01
  -3.30856718e-01]
 [ 2.04119189e-01  1.83007959e-01 -1.22583152e+00 -5.86127935e-01
  -2.35261100e-01  6.94972534e-01  3.85105653e-01  7.98801241e-01
   1.08139266e+00]
 [-4.65986353e-01 -7.64776526e-01 -8.43665778e-01  9.93861105e-01
   3.85764937e-01 -9.00562697e-02  4.20711643e-01 -8.64126479e-01
  -9.82345296e-01]
 [-6.68594364e-01 -9.20869385e-01 -1.61812627e+00 -6.65566365e-01
  -4.70688038e-01  4.08361124e-02  5.55633164e-02 -4.46494769e-01
   7.78453719e-01]
 [ 2.77379546e-01  1.00714648e+00 -2.21861035e+00 -8.36361326e-01
  -3.84597886e-01 -5.46867056e-01 -6.82627103e-01 -3.03713783e-01
  -8.00391379e-01]
 [ 3.39046927e-01  1.20051999e+00 -1.94657719e+00 -7.07988335e-01
  -4.95971975e-01 -3.36647195e-01 -5.42116403e-01 -4.63969962e-01
   5.06460523e-01]
 [ 5.61303710e-02  5.76782167e-01 -3.16279883e-01 -6.32042608e-01
  -4.60001297e-01  2.42639858e-02 -6.45864951e-01 -4.29652296e-01
   2.61692415e-01]
 [ 5.34236438e-03  4.12142933e-01  1.20243970e-01  7.24279312e-01
   7.01642678e-01 -7.50995289e-01 -1.78103796e+00 -1.46292043e+00
  -5.79755957e-01]
 [ 4.86825183e-01  2.02456608e-01 -9.16577756e-01 -6.32285273e-02
  -2.44357903e-01 -7.85327642e-01  4.66494136e-01  6.39947569e-01
   1.67382620e-01]
 [-1.57462303e-01 -8.24292318e-01  2.70080024e-01 -3.44641627e-01
  -4.47060722e-01 -1.53490427e-01 -8.31604437e-01 -6.59195017e-01
   5.02601888e-01]
 [ 7.48117507e-01  4.66318347e-02 -5.70932898e-01 -2.51368343e-01
   3.84643112e-01  7.68264548e-01 -9.55038818e-01  1.14455986e+00
   9.15950074e-01]
 [-1.27374380e-01 -1.03219951e+00 -1.18612804e+00 -3.10542784e-01
  -5.78741326e-01 -8.96031376e-02 -8.74067044e-01 -5.24401857e-01
  -7.02760049e-01]
 [ 2.29252900e-01  3.20935771e-01 -3.21716129e-03 -4.75767447e-01
  -1.61543548e-01 -6.83013728e-01 -6.77698038e-01 -6.50098263e-01
  -8.20510692e-01]
 [ 1.69176499e-01  1.75273998e-01 -2.50353819e-01 -4.78228939e-01
   1.28459286e-01 -1.86094240e-01 -6.99382191e-01 -4.56234347e-01
   1.54420770e-01]
 [-1.81058431e+00 -1.96748940e+00 -1.15683571e+00  4.52665445e-01
  -5.83625609e-02 -4.46826716e-01 -1.18227050e+00  6.26348382e-01
  -9.26009056e-01]
 [-1.20213443e+00 -9.93505293e-01 -8.54405252e-03  1.23615447e-01
  -3.74126641e-01 -2.35038125e-01  5.87644436e-01 -4.43938154e-01
   3.00198202e-01]
 [-1.97394466e+00 -3.04362359e+00 -1.11589644e+00  1.03986895e+00
   4.67915067e-01  1.21225979e-02  1.04567763e+00  8.60945045e-01
  -9.30649928e-01]
 [-1.54019073e+00 -1.58729838e+00 -9.92051612e-01 -1.11883587e-01
  -2.68430335e-01 -2.04314347e-02 -1.12770669e+00  5.88442571e-01
  -7.37110159e-01]
 [-1.71537217e+00 -1.47221502e+00  1.48955071e-01  3.62049718e+00
   2.30439097e+00  1.25961447e+00  1.72491645e+00  1.36306688e+00
  -8.20258741e-01]
 [-1.34455490e+00 -9.43754453e-01 -2.64878651e-01 -3.57510518e-01
  -5.94790490e-01 -2.35081779e-01  9.39451863e-01  4.42777077e-01
   8.36315073e-01]
 [-1.18844746e+00 -1.29801394e+00 -1.81013740e+00  2.56458752e-02
  -1.77904457e-01 -1.46941072e-01 -3.34608212e-01  1.17159877e-01
   5.99087003e-01]
 [-1.56435934e+00 -1.20552320e+00 -8.02647507e-01  6.56882918e-02
  -1.64820657e-01  3.99605957e-01  1.39768425e+00  1.65599787e+00
   7.62486839e-01]
 [-1.22597549e+00 -8.87642578e-01 -4.04196333e-01 -2.09714167e-01
  -5.33391664e-01 -1.00532174e-01  5.03860087e-01 -4.48077236e-01
  -9.48227672e-01]
 [-1.57826857e+00 -1.12353666e+00 -1.41141034e-01 -2.46479955e-01
  -4.22150289e-01  3.14063548e-01 -7.62681580e-01 -4.32031239e-01
  -6.04318583e-01]
 [-8.77057351e-01 -1.10289380e+00 -5.87506104e-01 -4.87965960e-01
  -3.62090425e-01 -1.19780971e-01  5.84562573e-01 -3.68547648e-01
  -8.90733107e-01]
 [-2.13847482e+00 -2.19178252e+00 -8.02782932e-01  1.42509717e+00
   1.01486680e+00  8.05497712e-01  1.42128688e+00  1.25518919e+00
   5.93813226e-01]
 [-8.13471455e-01 -9.15670082e-01 -6.40571981e-01 -5.73662364e-01
  -2.94406092e-01 -7.32742983e-02  6.99365922e-01 -3.13398839e-01
   4.27419391e-01]
 [-7.82389181e-01 -8.84198044e-01 -7.16390051e-01 -5.42919052e-01
  -4.01187432e-01 -2.45041750e-01  7.12149417e-01  6.10992677e-01
   6.87619010e-01]
 [-1.16671794e+00 -1.19278490e+00 -1.19892614e+00 -5.34710336e-01
  -4.53437880e-01 -3.56192379e-01 -8.20022488e-01 -7.51727675e-01
  -8.71561692e-01]
 [-1.31915212e+00 -1.58588481e+00 -1.12753211e+00 -5.77750674e-02
  -3.51612610e-01 -1.46931882e-01  9.08085073e-01  7.25206523e-01
   6.75945245e-01]
 [-9.26763246e-01 -8.94816004e-01 -1.30666049e+00 -5.89435821e-01
  -5.10272865e-01  4.96854492e-01  6.00113088e-01 -6.60201002e-01
  -1.02419630e+00]
 [-2.08875723e+00 -2.06744604e+00 -1.00794766e+00  2.50738421e-01
  -2.79809707e-02 -4.00041272e-01  9.26028260e-01 -6.27789693e-01
   5.56478632e-01]
 [-7.66584838e-01 -1.17184145e+00 -9.25860334e-01 -2.71421113e-01
   4.57205332e-01 -3.80108054e-01  3.68954868e-01 -1.02253959e+00
   5.79582753e-01]
 [-1.54580591e+00 -2.07225538e+00 -8.28266290e-01  5.20631276e-01
   5.87061450e-01 -2.10237885e-01 -6.87168203e-01 -9.34263828e-01
   3.73039286e-01]
 [-1.17901867e+00 -1.40664692e+00 -8.71045755e-02 -4.77512433e-01
  -3.30859336e-01 -8.50730929e-02 -9.45719771e-01 -4.18350078e-01
  -9.15504538e-01]
 [-9.13374601e-01 -1.07437885e+00  2.37971890e-01 -3.17765205e-01
   2.49931444e-01  2.60320328e+00  4.50986317e-01  1.59184133e+00
   3.22473880e+00]
 [-1.00201816e+00 -1.59961424e+00  3.52601855e-01 -4.21749970e-01
  -1.58000025e-01 -3.01784980e-02  5.24877237e-01  4.42704254e-01
   1.18631079e-01]
 [-1.85075613e+00 -2.41562884e+00 -7.48955263e-01 -2.36571471e-01
  -5.16987720e-01  2.02467701e-01  6.81421726e-01 -2.89222802e-01
  -9.86815858e-01]
 [-4.98724669e+00 -4.09416744e+00 -1.96785659e+00  7.06493203e-01
   1.94583492e+00 -1.00456292e+00  1.10149509e+00  1.45195077e+00
   2.57145835e-01]
 [-3.66921549e+00 -2.14602866e+00 -2.17385084e+00  1.53242502e+00
   1.67012510e+00 -1.01941569e+00  1.30409994e+00  1.18758443e+00
   2.37641044e-01]
 [-1.98384723e+00 -8.94393568e-01 -9.96960940e-01  8.90463262e-01
   7.81736731e-01  5.56999547e-01 -1.25614814e+00  4.34752649e-01
   9.42926779e-01]
 [-1.49376620e+00 -2.98090189e-01 -7.42482851e-01  7.72090406e-01
   4.03007868e-01  8.75109272e-01 -1.29204644e+00 -9.13311441e-01
   8.34050001e-01]
 [-1.45929142e+00 -7.22453984e-02 -8.31093380e-01  1.04600371e+00
   8.59030655e-01  8.64750800e-01 -1.21323655e+00 -1.30731290e+00
   8.45041444e-01]
 [ 6.78296442e-01  1.09412110e+00  1.53670340e+00  9.50749031e-01
   1.48753268e+00  1.35257905e+00 -1.39757580e+00 -1.69407669e+00
  -1.87862880e+00]]

