0.543773678
0.57065724
0.57671893
0.59374302
0.592093047
0.569633888
0.573200244
0.539779453
0.539302375
0.576430223
0.601434308
0.534851062
0.548451805
0.528409556
0.568279926
0.664455042
0.585407044
0.583301906
0.564715878
0.623293756
0.62022024
0.53938003
0.594268536
0.595075454
0.535227419
0.592502465
0.583041647
0.607893882
0.602263907
0.557472451
0.5618488
0.619802749
0.57549529
0.619260319
0.565562008
0.571473385
0.546209041
0.546209041
0.572312595
0.535118625
0.549252188
0.575508745
0.623063867
0.623320282
0.518233699
0.562002187
0.575937
0.576803889
0.568126539
0.567180457
0.555852464
0.539358118
0.562435824
0.487715737
0.503022195
0.490928033
0.480702584
0.487896035
0.543825961
0.571069349
0.579222721
0.571282708
0.508642944
0.528184665
0.506015366
0.52780677
0.482534008
0.480596481
0.541333318
0.48373612
0.569695013
0.547084773
0.552738966
0.546367426
0.562419678
0.561615835
0.565591224
0.568866566
0.567206598
0.573894908
0.547408847
0.538890651
0.504283509
0.504283509
0.5542467
0.533563991
0.541119191
0.523563049
0.494020386
0.544741288
0.525514415
0.542804146
0.5565256
0.53984519
0.609352793
0.489694782
0.544463346
0.537570519
0.49298281
0.520391503
0.492904002
0.500884765
0.531098258
0.496657959
0.536514875
0.499422779
0.506734249
0.49743297
0.513408336
0.525234166
0.513259561
0.490027314
0.511129436
0.520549888
0.522342869
0.539672581
0.500434982
0.522701927
0.575647908
0.567608328
0.490673925
0.530864141
0.557933767
0.570902122
0.584030016
0.487401658
0.517350663
0.480581873
0.522239842
0.508396908
0.488204348
0.492402706
0.502703503
0.506951452
0.53845663
0.532562936
0.523459253
0.572102697
0.462425252
0.512120496
0.502082649
0.495055271
0.515344324
0.510306371
0.490029236
0.52561898
0.551762899
0.56666609
0.574679145
0.513728566
0.482667789
0.515345862
0.50413781
0.533890372
0.535895558
0.473267711
0.589003769
0.518443597
0.4993951
0.541736969
0.537936496
0.493086606
0.485700172
0.576935364
0.586085947
0.556570194
0.548779339
0.538856821
0.490270273
0.531483073
0.480431945
0.544463346
0.537570519
0.436173309
0.482262985
0.385249812
0.45416424
0.459610073
0.484617233
0.467853402
0.472230135
0.48727249
0.476109801
0.477086637
0.425559586
0.485946207
0.487435488
0.472832921
0.454231131
0.486933038
0.431443284
0.473823981
0.431215702
0.462712806
0.478435986
0.453581444
0.414967006
0.33553727
0.427724694
0.486953028
0.515170562
0.525857711
0.58105107