0.016143875
0.011177918
0.007074807
0.005940868
0.006494667
0.005046087
0.005103212
0.006198468
0.005895283
0.007767222
0.007157567
0.007856393
0.005803256
0.006804303
0.004635266
0.005682682
0.006037519
0.005286935
0.005067823
0.005835253
0.006330682
0.015022262
0.00587734
0.008781154
0.0086978
0.010934848
0.010942556
0.006683538
0.006597839
0.00589837
0.004825448
0.005427761
0.00509395
0.006044854
0.005304003
0.00494658
0.006645643
0.006645643
0.006559411
0.006294332
0.006243506
0.005440597
0.005372406
0.006000184
0.007486316
0.005528259
0.006844331
0.006679817
0.006665725
0.006773703
0.006187946
0.009810727
0.006267808
0.008904201
0.006844614
0.01704451
0.010023966
0.005495403
0.03246867
0.004969713
0.005071231
0.004891381
0.012708843
0.006938839
0.006250883
0.006449359
0.006578383
0.005888284
0.008981451
0.020957199
0.011031019
0.007189659
0.008342824
0.00829319
0.004622583
0.005100799
0.005080173
0.004974771
0.005015635
0.004946718
0.008270237
0.007909762
0.009135534
0.009135534
0.005974811
0.007347385
0.006093903
0.006054774
0.00505394
0.004947651
0.006954618
0.007518961
0.006878438
0.007580737
0.005746359
0.010815599
0.006880431
0.007763242
0.009290528
0.006249994
0.012850523
0.007334682
0.007451662
0.006705515
0.00622835
0.006951651
0.007902367
0.00703743
0.005492985
0.005450865
0.005328558
0.018691845
0.005316741
0.005623891
0.00521855
0.007241055
0.007206303
0.007927456
0.006967445
0.007280535
0.007406123
0.009326082
0.010930114
0.005350989
0.0109847
0.00547002
0.016370842
0.008884809
0.007534835
0.006484391
0.005467034
0.00541307
0.00515544
0.005529989
0.007820237
0.007353497
0.00532077
0.005596115
0.007239219
0.008028386
0.007204672
0.006043103
0.005429551
0.006005277
0.010384394
0.005614556
0.00678426
0.006415606
0.005556965
0.005652289
0.009929441
0.005469208
0.005475523
0.005859618
0.005455536
0.0066891
0.005111563
0.006118878
0.005679899
0.005794217
0.006656024
0.008546518
0.00593935
0.006201421
0.005862382
0.005971882
0.009508096
0.006628332
0.006011275
0.008543103
0.00561042
0.006880431
0.007763242
0.007194529
0.006233297
0.008796595
0.006555052
0.014387096
0.005561564
0.006830626
0.006870455
0.005748471
0.006087106
0.006269937
0.010461596
0.006475978
0.00615092
0.005991862
0.006301833
0.005818848
0.007287015
0.008763993
0.009159294
0.006365009
0.008133021
0.006891218
0.005798407
0.013295599
0.012456298
0.009751914
0.008599008
0.009987208
0.01190046