-0.016090364
-0.003723814
-0.00257089
-0.003416659
-0.002235644
0.001746734
-0.000970745
0.003627499
0.00343197
0.004119251
0.001872696
0.003031937
-0.002661969
0.004100835
-0.001210394
-0.001881162
-0.002585714
-0.001935983
0.002622777
-0.002221755
-0.003437095
-0.005112163
-0.003451414
-0.003103438
-0.006387519
-0.003491818
0.005140587
-0.003357207
-0.00290401
0.002462507
0.002611723
-0.003101834
-0.002777961
0.003083476
0.002132888
-0.00237222
-0.003496186
-0.003496186
-0.003038468
-0.002495954
-0.002183033
-0.001698174
0.00228518
0.002846729
-0.003496407
-0.002513688
0.003081549
-0.00185966
-0.003605499
-0.004003441
-0.00338174
0.016009702
-0.00123518
0.007963553
-0.003080404
0.015796958
0.007416182
-0.001298199
0.021154509
-0.002034614
-0.002411589
-0.002465332
0.022329028
0.002454422
0.001535439
-0.003056893
-0.003440764
-0.002618672
0.006694992
0.011163734
0.006395653
0.004428182
-0.004105731
0.00966301
-0.001476296
-0.001803686
0.000556198
-0.001023199
-0.002337736
0.001469403
0.004909019
0.00467184
-0.002360528
-0.002360528
-0.00173515
0.003456872
-0.003326738
0.003264049
-0.002819749
-0.002426585
0.004030218
-0.003868726
-0.003318278
-0.003823138
-0.002180972
-0.007676037
-0.003523132
-0.002506198
-0.008228212
0.00104791
-0.01041678
-0.001223772
0.004019653
-0.001564592
0.001576566
0.003335857
-0.002903839
-0.002516516
0.002026811
-0.002435301
0.001216113
0.029579192
-0.001615633
0.003107757
0.001088357
-0.003890621
-0.003101547
-0.003409314
-0.003455671
-0.002590995
-0.004526514
0.00475658
-0.007067419
0.002501052
0.008023033
0.000522317
-0.009528256
-0.004787395
0.004525948
0.007731146
-0.003648469
0.001581451
0.001633781
-0.002386093
-0.009939015
-0.002917286
0.001666126
-0.002161995
-0.004247397
0.002442571
-0.005201444
-0.002438217
-0.001534575
0.003493321
-0.006550434
0.003539832
-0.002732509
-0.002650723
0.001798367
0.002284297
-0.006419737
-0.001370798
-0.003401157
-0.00310991
-0.002677054
-0.004082516
0.002640908
-0.00287959
0.002447101
0.002964652
0.004077226
-0.00464584
-0.002455108
-0.001706135
-0.002546776
-0.002366759
-0.007786878
0.003243942
-0.00357085
0.00589094
-0.002863778
-0.003523132
-0.002506198
0.003172606
-0.002441697
0.004403208
0.002973767
0.007037142
0.002209663
0.000501603
0.008573743
-0.002463409
-0.002379238
-0.002046228
0.006471258
-0.001756939
0.003092056
-0.00405624
0.003691177
-0.003576127
-0.00340611
-0.005476813
-0.005013753
-0.002307472
0.008237203
0.002209281
-0.001630121
0.007503392
0.00611663
0.00216757
-0.004903845
-0.006970622
-0.008999433