0.582822907
0.641659507
0.603684375
0.589705738
0.591096221
0.588680079
0.588492862
0.618122791
0.618459936
0.664159031
0.700703699
0.563773256
0.621951712
0.611728954
0.624195629
0.692683339
0.567813613
0.549883422
0.56274183
0.663539714
0.668541915
0.577056075
0.630328053
0.639464412
0.55784035
0.620828408
0.613658792
0.603469095
0.603319936
0.634279607
0.574874051
0.641579545
0.556375673
0.638605596
0.585554665
0.582092874
0.60649648
0.60649648
0.607896189
0.591862005
0.607741648
0.599162712
0.64020444
0.644749938
0.598017111
0.599176551
0.561361727
0.650770109
0.608413631
0.613414679
0.609155196
0.495168678
0.571047437
0.495484295
0.547122831
0.470929609
0.456152511
0.499909851
0.559995464
0.555172023
0.555576058
0.551291588
0.465186227
0.479196772
0.485008967
0.484922855
0.462706655
0.447722349
0.549316388
0.469647151
0.559840923
0.54344576
0.552714747
0.491916017
0.53843587
0.540531782
0.543850949
0.537057689
0.54231938
0.545400585
0.537906126
0.537263359
0.53726951
0.53726951
0.51156461
0.53245568
0.540334185
0.563270037
0.520230427
0.547759447
0.484059425
0.492029809
0.569552005
0.562457352
0.611124246
0.510911079
0.554417771
0.550469293
0.553355207
0.580588216
0.525914991
0.571653683
0.584749669
0.533990324
0.563422271
0.516893961
0.533052315
0.501897738
0.54518492
0.553152613
0.532632902
0.50426621
0.523725663
0.5366698
0.525791589
0.599560212
0.564716262
0.559436887
0.632317862
0.62587674
0.523574198
0.514012275
0.544884681
0.551507253
0.569720001
0.502302542
0.536656729
0.50043652
0.544322644
0.491871039
0.505892733
0.510575857
0.526080296
0.484189362
0.520917403
0.517671278
0.474571697
0.548145799
0.532549096
0.493399532
0.567359217
0.514444758
0.529205326
0.529559001
0.504512245
0.543379253
0.568866951
0.594034034
0.605603449
0.521775835
0.494474782
0.548190393
0.541946868
0.584979942
0.575918931
0.508887825
0.555990089
0.515611118
0.510844189
0.559474177
0.552765876
0.508723674
0.495407409
0.55758086
0.561633904
0.543039418
0.539701413
0.571346523
0.529001194
0.588519772
0.530978701
0.554417771
0.550469293
0.420350946
0.460340874
0.409614205
0.438122368
0.426608695
0.450980392
0.46124044
0.436533904
0.458773938
0.43561973
0.48170633
0.398800579
0.485885467
0.487928327
0.462668597
0.452649971
0.478439446
0.402068232
0.488967056
0.437753315
0.461860141
0.479319405
0.473493371
0.417710682
0.211567109
0.298193756
0.408963366
0.441173587
0.443439417
0.583930833