0.01419203
0.01543884
0.008658572
0.007908293
0.007448469
0.00752769
0.00730554
0.008525613
0.008856051
0.010958406
0.008397839
0.009723383
0.010082493
0.009791912
0.008116749
0.008884132
0.00780476
0.007412482
0.006997799
0.007987901
0.007265334
0.020311584
0.007730979
0.011428324
0.013240379
0.014568033
0.013923691
0.010827851
0.009967603
0.007524938
0.007708219
0.008288946
0.007268055
0.008124872
0.007921985
0.006899205
0.009078317
0.009078317
0.008357922
0.008810429
0.008395809
0.008632005
0.008250393
0.009566674
0.010502792
0.008588868
0.009617202
0.008842739
0.009031703
0.008886658
0.008208036
0.011314128
0.008670812
0.01067013
0.008753109
0.019045892
0.013116636
0.009364803
0.036377892
0.007589728
0.006594586
0.007080869
0.013752645
0.008460492
0.008465411
0.009016168
0.008392383
0.00776043
0.011765255
0.022300004
0.014339445
0.010161299
0.010441253
0.010343536
0.006733268
0.007121768
0.007418615
0.006389581
0.006956128
0.007188451
0.010486039
0.009690373
0.009612107
0.009612107
0.008324808
0.010208735
0.008159155
0.008134641
0.007746545
0.008486312
0.008929068
0.010221094
0.008724338
0.009252119
0.007267047
0.012417423
0.008160294
0.008152183
0.010463198
0.008067184
0.015646402
0.009478126
0.009204958
0.008770242
0.00834492
0.008797026
0.011103596
0.00834919
0.008435383
0.00849676
0.008493586
0.018440097
0.007694953
0.007539411
0.007823482
0.009280134
0.008309695
0.01247845
0.008617433
0.009172572
0.008968285
0.011205422
0.014275758
0.007386819
0.013498668
0.00815741
0.022390078
0.009774168
0.010666038
0.008846352
0.008344455
0.008305322
0.00772851
0.008313963
0.009304711
0.009319761
0.006606876
0.007037358
0.009106666
0.009635453
0.008245694
0.008904763
0.008145685
0.00906041
0.0129315
0.007226428
0.009463615
0.010260992
0.009472031
0.008294586
0.010426183
0.008616441
0.009119262
0.008778138
0.009122966
0.008387828
0.00755758
0.007744926
0.00759393
0.007339658
0.007796639
0.013002949
0.007534877
0.006972081
0.00739509
0.007645343
0.012114635
0.009519674
0.008592374
0.008899724
0.008704735
0.008160294
0.008152183
0.011219625
0.010135354
0.013154552
0.009359348
0.021658124
0.008549969
0.009812529
0.009944475
0.009036981
0.008915832
0.008120098
0.014423939
0.007837715
0.007939019
0.007966068
0.009537644
0.007785739
0.010554244
0.008833647
0.011443583
0.008154544
0.008680936
0.00833829
0.008948482
0.012056027
0.014777601
0.012662237
0.01227218
0.013174767
0.012860888