-0.012643137
0.009727136
-0.004694985
0.0033034
0.000496116
-0.003529253
0.003054735
-0.002575195
0.003110136
-0.005178429
0.002303993
-0.005129687
-0.002335454
0.005853284
-0.006570476
0.00401281
-0.003434374
0.002737452
0.004631176
-0.004666453
-0.004022906
0.009822402
0.003447375
-0.003983494
-0.008330015
0.00259608
0.004477681
-0.007594223
-0.005680503
-0.002209226
-0.002442424
-0.004375367
-0.002590167
-0.004874416
-0.004083311
-0.00402317
-0.004520128
-0.004520128
0.002674937
-0.004637355
-0.002652206
0.003241162
0.00367861
0.00639255
0.002584757
0.003922302
0.004297986
-0.005090754
-0.001448148
-0.004960215
-0.004944466
0.01536652
-0.005742618
0.008861092
-0.00366544
0.016625216
0.008047941
-0.002806413
0.024688503
0.000961246
-0.001670363
0.002966958
0.022785492
-0.002472961
0.003295176
-0.003793236
0.003832818
-0.004403489
0.008483561
0.006865578
0.008424428
0.006079047
-0.006370127
0.009284916
0.002499818
0.004160647
0.00156796
-0.000491047
-0.002897432
0.004106483
0.004724839
0.003140872
-0.002894736
-0.002894736
0.001102964
0.005367029
-0.005788612
0.003744021
0.003180481
-0.004021576
0.003398051
0.004806997
0.002577971
-0.003436254
-0.004595948
-0.007472594
-0.003279606
-0.003408605
-0.007244368
-0.003809326
-0.01122489
-0.002968578
-0.003954461
0.004768132
0.004452808
-0.004014912
0.004796542
-0.003883893
0.005742629
0.00539486
0.003616537
0.02752917
-0.002886118
-0.002735739
0.004886711
0.006388956
-0.003006497
0.00447724
0.004363431
0.00505629
0.005482909
0.004607392
-0.008671144
-0.002662944
0.007352958
0.003389407
-0.012856188
-0.003589184
-0.003678851
0.00724525
-0.003009774
0.002090198
0.002531082
0.0037903
-0.006147403
-0.003822393
-0.004126352
-0.002860915
-0.003812272
0.004652867
0.002433679
-0.002831879
0.00521148
0.0012971
-0.001942166
0.003872417
0.003972581
0.004162377
-0.005693456
0.004766513
0.005030235
0.00487403
0.006695497
-0.004858022
0.003410813
-0.004565952
-0.002706932
-0.003683866
-0.001188089
0.004897902
0.003043012
0.003254832
0.001082565
-0.003308929
-0.002473031
-0.003090231
-0.009843374
0.003527192
-0.004195195
-0.004929506
-0.004447805
-0.003279606
-0.003408605
-0.006281307
0.004247915
0.006972754
-0.005956707
0.011013545
0.006340817
-0.001238565
0.009066841
0.003749482
-0.003785173
0.004229581
0.009207253
0.004912546
0.004988595
-0.004126294
0.006154216
0.004322091
0.00626096
0.002946931
-0.003335944
-0.004874067
0.003434936
0.003874513
0.004805796
0.007304812
0.008510108
-0.006720805
-0.006934364
-0.006465524
-0.007562158