3 -0.007 0.204 -0.436
3 -0.196 -0.348 -0.563
3 -0.211 0.246 0.465
3 -0.218 -0.498 0.671
3 -0.235 -1.024 0.684
3 -0.251 0.109 0.964
3 -0.280 -0.273 -0.153
3 0.027 -0.017 0.273
3 0.060 0.184 -0.486
3 0.072 -0.250 -0.487
3 0.106 -0.052 -0.424
3 0.127 -0.649 -0.327
3 0.189 -0.863 -0.079
3 0.201 0.573 0.748
3 0.202 0.065 0.396
3 0.234 0.029 0.491
3 0.273 -0.157 0.475
3 0.276 -0.183 -0.611
3 0.278 0.941 0.393
3 0.280 0.457 -0.068
3 0.301 0.263 -0.542
3 0.345 -0.990 -0.197
3 0.348 -0.322 -0.503
3 0.389 0.247 1.137
3 0.415 -0.102 0.413
3 0.416 0.166 1.199
3 0.505 0.087 -0.175
3 0.545 -0.617 0.091
3 0.546 -0.328 -0.671
3 0.585 0.326 -0.621
3 0.592 0.409 -0.318
3 0.610 0.125 -0.210
3 0.721 0.530 -0.312
3 0.764 0.292 0.175
3 0.774 -0.050 -0.522
3 0.809 -0.186 -0.055
3 0.844 -0.168 -0.217
3 0.853 0.748 0.091
3 0.888 -0.536 -0.289
3 0.911 -0.007 -0.009
3 0.929 0.309 0.264
3 0.942 -0.599 -0.188
3 0.946 -0.440 -0.145
3 0.948 0.292 -0.419
3 0.982 -0.398 0.091
3 1.002 0.090 -0.178
3 1.013 0.665 0.151
3 1.102 0.012 -0.507
3 1.168 -0.261 -0.424
3 1.186 0.099 -0.818
3 1.214 -0.617 0.144
3 1.228 -1.181 0.163
3 1.265 -0.925 -0.266
3 1.299 0.360 0.376
3 1.304 0.154 0.356
3 1.340 -1.259 0.048
3 1.366 0.234 -0.180
3 1.440 0.217 -0.053
3 1.446 -1.340 0.353
3 1.490 -0.178 -0.420
3 1.667 -0.601 1.073
3 2.812 1.393 0.639