2 -0.117 0.407 -0.779
2 -0.341 0.107 -0.406
2 -0.646 0.205 -0.027
2 -0.677 0.114 0.030
2 -0.853 0.200 -0.018
2 -0.858 0.128 0.211
2 -0.879 0.578 0.869
2 -0.886 0.379 0.455
2 -0.939 0.885 0.767
2 -1.031 0.118 0.020
2 -1.058 0.450 -0.121
2 -1.072 0.199 -0.208
2 -1.145 -0.184 -0.263
2 -1.156 0.291 0.264
2 -1.182 1.293 -0.076
2 -1.194 0.564 -0.657
2 -1.245 0.047 0.030
2 -1.293 -0.212 -0.263
2 -1.315 0.202 0.297
2 -1.330 -0.108 0.064
2 -1.344 -0.028 -0.083
2 -1.396 0.881 -0.458
2 -1.434 0.981 0.285
2 -1.494 -0.062 -0.120
2 -1.590 0.229 -0.135
2 -1.762 1.146 -0.195
2 -1.779 0.446 0.099
2 -1.899 -0.470 0.083
2 -1.980 1.490 -0.110
2 -2.020 0.833 0.014
2 -2.029 1.046 0.145
2 -2.375 0.831 -0.591
2 -2.522 0.101 -0.096
2 -2.980 0.855 -0.249
2 0.230 0.754 -0.669