1 -0.015 -0.829 0.706
1 -0.035 -0.558 -0.794
1 -0.101 -0.635 0.132
1 -0.115 -0.418 0.307
1 -0.127 -1.243 -0.273
1 -0.128 -0.345 0.273
1 -0.172 -0.464 0.232
1 -0.175 -0.153 0.661
1 -0.193 -0.680 -0.047
1 -0.216 -0.908 -0.576
1 -0.237 -1.285 0.638
1 -0.245 -0.998 -0.857
1 -0.255 -0.226 0.024
1 -0.274 -0.819 -0.125
1 -0.315 -0.666 -0.236
1 -0.360 -1.338 0.351
1 -0.395 -0.637 -0.034
1 -0.399 -1.619 0.300
1 -0.420 -0.747 0.071
1 -0.428 -0.573 -0.285
1 -0.474 -0.955 0.831
1 -0.501 -0.917 0.032
1 -0.537 -0.110 -0.232
1 -0.626 -0.393 0.179
1 -0.650 -0.795 -0.389
1 -0.668 -0.436 -0.159
1 -0.757 -0.577 0.108
1 -0.827 0.124 0.314
1 -0.851 -0.110 0.387
1 -0.964 -1.432 -0.031
1 -1.131 -0.538 -0.142
1 -1.229 -1.052 0.332
1 -1.510 -1.054 0.301
1 0.183 -0.849 0.037
1 0.240 -0.964 -0.571
1 0.320 -1.015 -0.916
1 0.332 -0.008 0.304
1 0.472 -0.926 0.490
1 0.798 -1.311 0.519
1 0.830 -1.436 -0.228