-0.315
0.731
0.592
0.389
0.127
1.304
0.721
-1.072
-0.237
0.888
-0.035
-1.762
1.265
-0.211
1.186
1.446
-0.007
0.970
-0.886
1.002
0.982
-0.420
-2.020
0.545
-0.216
0.106
0.072
0.189
-0.245
0.774
-1.182
1.490
-1.330
-0.646
-1.494
0.546
1.359
1.299
-0.115
1.013
-0.175
0.234
-0.196
0.798
-1.899
-0.117
-0.218
-0.853
-2.522
0.632
1.168
-0.235
-0.626
-2.375
-0.851
-1.434
-0.395
0.590
-0.827
1.228
-1.194
0.201
0.610
-1.779
0.844
0.602
0.415
-0.964
-0.106
-0.399
-1.245
0.278
-2.980
-0.650
0.273
0.759
-1.510
0.861
0.499
-0.879
0.437
0.948
-2.029
-0.939
0.853
0.301
-1.229
0.027
0.946
1.728
-0.251
-0.341
0.505
-0.474
1.440
0.376
0.764
0.929
-0.172
-0.101
0.911
0.465
-0.668
-0.096
0.345
1.233
-0.757
-1.980
0.348
0.230
1.102
0.579
1.667
2.812
0.240
0.585
0.472
-1.293
0.276
1.267
-1.156
1.366
0.202
0.830
-0.193
0.937
-0.015
0.183
1.214
-0.128
-1.315
-0.280
0.942
-1.058
0.360
-1.131
-0.537
-0.306
1.340
-1.590
0.809
-0.677
-1.145
1.286
0.332
0.609
-0.858
-0.360
-1.396
-1.344
-0.127
-0.255
0.060
0.416
0.798
0.280
-0.428
-0.274
-1.031
0.320
-0.501
