1 -0.315 -0.666 -0.236
4 0.731 1.208 -0.351
3 0.592 0.409 -0.318
3 0.389 0.247 1.137
3 0.127 -0.649 -0.327
3 1.304 0.154 0.356
3 0.721 0.530 -0.312
2 -1.072 0.199 -0.208
1 -0.237 -1.285 0.638
3 0.888 -0.536 -0.289
1 -0.035 -0.558 -0.794
2 -1.762 1.146 -0.195
3 1.265 -0.925 -0.266
3 -0.211 0.246 0.465
3 1.186 0.099 -0.818
3 1.446 -1.340 0.353
3 -0.007 0.204 -0.436
4 0.970 0.790 -0.033
2 -0.886 0.379 0.455
3 1.002 0.090 -0.178
3 0.982 -0.398 0.091
1 -0.420 -0.747 0.071
2 -2.020 0.833 0.014
3 0.545 -0.617 0.091
1 -0.216 -0.908 -0.576
3 0.106 -0.052 -0.424
3 0.072 -0.250 -0.487
3 0.189 -0.863 -0.079
1 -0.245 -0.998 -0.857
3 0.774 -0.050 -0.522
2 -1.182 1.293 -0.076
3 1.490 -0.178 -0.420
2 -1.330 -0.108 0.064
2 -0.646 0.205 -0.027
2 -1.494 -0.062 -0.120
3 0.546 -0.328 -0.671
4 1.359 0.244 0.063
3 1.299 0.360 0.376
1 -0.115 -0.418 0.307
3 1.013 0.665 0.151
1 -0.175 -0.153 0.661
3 0.234 0.029 0.491
3 -0.196 -0.348 -0.563
1 0.798 -1.311 0.519
2 -1.899 -0.470 0.083
2 -0.117 0.407 -0.779
3 -0.218 -0.498 0.671
2 -0.853 0.200 -0.018
2 -2.522 0.101 -0.096
5 0.632 1.146 1.474
3 1.168 -0.261 -0.424
3 -0.235 -1.024 0.684
1 -0.626 -0.393 0.179
2 -2.375 0.831 -0.591
1 -0.851 -0.110 0.387
2 -1.434 0.981 0.285
1 -0.395 -0.637 -0.034
5 0.590 1.737 0.964
1 -0.827 0.124 0.314
3 1.228 -1.181 0.163
2 -1.194 0.564 -0.657
3 0.201 0.573 0.748
3 0.610 0.125 -0.210
2 -1.779 0.446 0.099
3 0.844 -0.168 -0.217
4 0.602 0.597 -0.270
3 0.415 -0.102 0.413
1 -0.964 -1.432 -0.031
4 -0.106 0.811 -0.249
1 -0.399 -1.619 0.300
2 -1.245 0.047 0.030
3 0.278 0.941 0.393
2 -2.980 0.855 -0.249
1 -0.650 -0.795 -0.389
3 0.273 -0.157 0.475
4 0.759 0.390 -0.598
1 -1.510 -1.054 0.301
4 0.861 0.705 -0.433
4 0.499 1.072 -0.210
2 -0.879 0.578 0.869
5 0.437 1.124 1.080
3 0.948 0.292 -0.419
2 -2.029 1.046 0.145
2 -0.939 0.885 0.767
3 0.853 0.748 0.091
3 0.301 0.263 -0.542
1 -1.229 -1.052 0.332
3 0.027 -0.017 0.273
3 0.946 -0.440 -0.145
4 1.728 0.755 -0.171
3 -0.251 0.109 0.964
2 -0.341 0.107 -0.406
3 0.505 0.087 -0.175
1 -0.474 -0.955 0.831
3 1.440 0.217 -0.053
4 0.376 0.265 -0.368
3 0.764 0.292 0.175
3 0.929 0.309 0.264
1 -0.172 -0.464 0.232
1 -0.101 -0.635 0.132
3 0.911 -0.007 -0.009
4 0.465 1.315 0.089
1 -0.668 -0.436 -0.159
4 -0.096 0.699 -0.353
3 0.345 -0.990 -0.197
4 1.233 0.872 -1.163
1 -0.757 -0.577 0.108
2 -1.980 1.490 -0.110
3 0.348 -0.322 -0.503
2 0.230 0.754 -0.669
3 1.102 0.012 -0.507
4 0.579 1.115 -0.448
3 1.667 -0.601 1.073
3 2.812 1.393 0.639
1 0.240 -0.964 -0.571
3 0.585 0.326 -0.621
1 0.472 -0.926 0.490
2 -1.293 -0.212 -0.263
3 0.276 -0.183 -0.611
4 1.267 1.314 -0.941
2 -1.156 0.291 0.264
3 1.366 0.234 -0.180
3 0.202 0.065 0.396
1 0.830 -1.436 -0.228
1 -0.193 -0.680 -0.047
4 0.937 0.704 -0.103
1 -0.015 -0.829 0.706
1 0.183 -0.849 0.037
3 1.214 -0.617 0.144
1 -0.128 -0.345 0.273
2 -1.315 0.202 0.297
3 -0.280 -0.273 -0.153
3 0.942 -0.599 -0.188
2 -1.058 0.450 -0.121
4 0.360 0.633 -0.404
1 -1.131 -0.538 -0.142
1 -0.537 -0.110 -0.232
5 -0.306 0.800 0.973
3 1.340 -1.259 0.048
2 -1.590 0.229 -0.135
3 0.809 -0.186 -0.055
2 -0.677 0.114 0.030
2 -1.145 -0.184 -0.263
4 1.286 0.750 0.103
1 0.332 -0.008 0.304
5 0.609 1.072 1.144
2 -0.858 0.128 0.211
1 -0.360 -1.338 0.351
2 -1.396 0.881 -0.458
2 -1.344 -0.028 -0.083
1 -0.127 -1.243 -0.273
1 -0.255 -0.226 0.024
3 0.060 0.184 -0.486
3 0.416 0.166 1.199
4 0.798 0.672 0.017
3 0.280 0.457 -0.068
1 -0.428 -0.573 -0.285
1 -0.274 -0.819 -0.125
2 -1.031 0.118 0.020
1 0.320 -1.015 -0.916
1 -0.501 -0.917 0.032
