-0.666
1.208
0.409
0.247
-0.649
0.154
0.530
0.199
-1.285
-0.536
-0.558
1.146
-0.925
0.246
0.099
-1.340
0.204
0.790
0.379
0.090
-0.398
-0.747
0.833
-0.617
-0.908
-0.052
-0.250
-0.863
-0.998
-0.050
1.293
-0.178
-0.108
0.205
-0.062
-0.328
0.244
0.360
-0.418
0.665
-0.153
0.029
-0.348
-1.311
-0.470
0.407
-0.498
0.200
0.101
1.146
-0.261
-1.024
-0.393
0.831
-0.110
0.981
-0.637
1.737
0.124
-1.181
0.564
0.573
0.125
0.446
-0.168
0.597
-0.102
-1.432
0.811
-1.619
0.047
0.941
0.855
-0.795
-0.157
0.390
-1.054
0.705
1.072
0.578
1.124
0.292
1.046
0.885
0.748
0.263
-1.052
-0.017
-0.440
0.755
0.109
0.107
0.087
-0.955
0.217
0.265
0.292
0.309
-0.464
-0.635
-0.007
1.315
-0.436
0.699
-0.990
0.872
-0.577
1.490
-0.322
0.754
0.012
1.115
-0.601
1.393
-0.964
0.326
-0.926
-0.212
-0.183
1.314
0.291
0.234
0.065
-1.436
-0.680
0.704
-0.829
-0.849
-0.617
-0.345
0.202
-0.273
-0.599
0.450
0.633
-0.538
-0.110
0.800
-1.259
0.229
-0.186
0.114
-0.184
0.750
-0.008
1.072
0.128
-1.338
0.881
-0.028
-1.243
-0.226
0.184
0.166
0.672
0.457
-0.573
-0.819
0.118
-1.015
-0.917
