-0.236
-0.351
-0.318
1.137
-0.327
0.356
-0.312
-0.208
0.638
-0.289
-0.794
-0.195
-0.266
0.465
-0.818
0.353
-0.436
-0.033
0.455
-0.178
0.091
0.071
0.014
0.091
-0.576
-0.424
-0.487
-0.079
-0.857
-0.522
-0.076
-0.420
0.064
-0.027
-0.120
-0.671
0.063
0.376
0.307
0.151
0.661
0.491
-0.563
0.519
0.083
-0.779
0.671
-0.018
-0.096
1.474
-0.424
0.684
0.179
-0.591
0.387
0.285
-0.034
0.964
0.314
0.163
-0.657
0.748
-0.210
0.099
-0.217
-0.270
0.413
-0.031
-0.249
0.300
0.030
0.393
-0.249
-0.389
0.475
-0.598
0.301
-0.433
-0.210
0.869
1.080
-0.419
0.145
0.767
0.091
-0.542
0.332
0.273
-0.145
-0.171
0.964
-0.406
-0.175
0.831
-0.053
-0.368
0.175
0.264
0.232
0.132
-0.009
0.089
-0.159
-0.353
-0.197
-1.163
0.108
-0.110
-0.503
-0.669
-0.507
-0.448
1.073
0.639
-0.571
-0.621
0.490
-0.263
-0.611
-0.941
0.264
-0.180
0.396
-0.228
-0.047
-0.103
0.706
0.037
0.144
0.273
0.297
-0.153
-0.188
-0.121
-0.404
-0.142
-0.232
0.973
0.048
-0.135
-0.055
0.030
-0.263
0.103
0.304
1.144
0.211
0.351
-0.458
-0.083
-0.273
0.024
-0.486
1.199
0.017
-0.068
-0.285
-0.125
0.020
-0.916
0.032
